t = [0 1 2 3 6 9 12 15]
vt = [62 74 73.5 70 60.5 62 71 75]

h1 = (t(3)-t(1))/3
I1 = (vt(1)+vt(2)+vt(2)+vt(3)+vt(3)+vt(4))*h1

h2 = (v(8)-v(4))/2
I2 = (vt(4)+4*vt(5)+2*vt(6)+4*vt(7)+vt(8))